2.8900
5.6600
7.9600
9.0000
11.0900
3.6600
5.8200
7.3200
7.8200
9.0000
5.1900
6.4600
7.8000
8.6400
10.0500
4.1000
7.2200
8.3000
8.7200
9.5200
2.9800
3.5700
3.9700
4.6900
5.0100
6.2600
6.8900
7.6000
8.9600
11.2200
4.6600
6.3000
6.8600
8.3000
10.0000
6.5300
7.1000
8.6600
9.4000
10.1700
4.3000
6.1100
7.9600
9.7000
11.8200
4.8000
5.6100
6.2600
6.7900
7.3000
2.2800
3.5800
4.8900
6.8200
8.5700
2.4000
3.5200
4.0900
5.1000
5.9100
4.0500
4.8500
5.6000
6.6600
7.3000
3.2200
5.6400
6.0000
6.4000
7.1500
4.1100
5.2400
6.5100
8.1500
9.1000
5.3700
6.4800
8.3500
9.1000
9.8900
4.1900
6.0200
6.5000
7.1600
7.7000
4.4500
5.4800
6.4200
7.1900
8.0200
2.8500
4.4100
6.7200
8.7400
10.7700
5.2700
5.7000
6.1200
7.2000
7.8500
4.5500
5.1500
6.4600
7.2600
8.7000
5.6200
6.3200
6.9400
8.0000
8.8500
2.9600
3.9200
4.8200
5.1700
5.8200
2.1200
2.5200
3.1000
4.7400
5.1000
3.8000
4.9200
6.3300
7.4400
8.4000
4.7600
5.5200
5.9600
7.3200
8.0500
2.7700
5.6400
7.3200
8.0400
10.1700
2.2900
3.3200
4.3000
5.5700
6.0200
4.4300
6.3000
6.8300
7.1500
8.5200
6.6300
7.6600
8.7200
9.5200
10.0000
6.7000
7.2200
7.9200
8.3600
9.2200
4.8600
5.1400
5.7200
6.5400
8.2500
4.7600
6.4400
6.8700
7.4000
8.8200
3.2800
5.3600
7.2400
8.4000
10.9200
4.3800
6.6300
8.0000
8.4800
9.0000
6.5200
7.4000
8.2300
8.7400
10.7000
2.5700
4.0100
5.7700
7.4000
9.2100
2.3000
4.0800
6.5000
7.8000
9.0000
3.1000
5.1600
6.1700
7.5200
9.4600
7.1200
8.4000
8.7700
9.2700
9.5200
2.9200
4.8900
5.4400
6.8000
8.4000
2.3600
2.8900
4.1200
5.5200
5.9600
4.7200
5.8200
6.9000
8.1100
9.3000
4.6900
7.9600
9.0400
9.5400
10.3000
5.7900
7.0900
8.4300
9.7200
11.1500
5.0000
6.1200
10.1100
11.3000
11.8200
2.2700
3.5700
5.1000
6.5800
7.9600
5.0600
6.0600
6.6800
7.0500
8.5200
6.1000
6.5000
7.4100
7.8000
8.1000
3.1600
6.3200
7.4200
8.5200
11.3300
4.1300
5.3300
6.8800
7.4700
9.0000
2.0700
2.8400
3.2800
3.6700
5.1200
3.7000
4.8200
5.6400
6.8500
7.5900
3.6200
4.6500
5.0200
5.9600
6.7300
4.0300
5.2400
5.8900
6.3100
6.9200
2.8200
5.8500
7.1700
8.1000
9.5500
2.4000
3.7600
5.2200
5.9200
7.8000
